0 0
1 0
2 0
3 0
4 0
5 0
6 0
7 0
8 0
9 0
10 0
11 0
12 0
13 0
14 0
15 0
16 0
17 0
18 0
19 0
20 0
21 1
22 1
23 1
24 1
25 1
26 1
27 1
28 1
29 1
30 1
31 1
32 1
33 1
34 1
35 1
36 1
37 1
38 1
39 1
40 1
41 1
42 1
43 1
44 1
45 1
46 1
47 1
48 1
49 1
50 1
51 1
52 1
53 1
54 1
55 1
56 1
57 1
58 1
59 1
60 1
61 1
62 1
63 1
64 1
65 1
66 1
67 1
68 1
69 1
70 1
71 1
72 1
73 1
74 1
75 1
76 1
77 1
78 1
79 1
80 1
81 2
82 2
83 2
84 2
85 2
86 2
87 2
88 2
89 2
90 2
91 2
92 2
93 2
94 2
95 2
96 2
97 2
98 2
99 2
100 2
101 2
102 2
103 2
104 2
105 2
106 2
107 2
108 2
109 2
110 2
111 2
112 2
113 2
114 2
115 2
116 2
117 2
118 2
119 2
120 2
121 2
122 2
123 2
124 2
125 2
126 2
127 2
128 2
129 2
130 2
131 2
132 2
133 2
134 2
135 2
136 2
137 2
138 2
139 2
140 2
141 2
142 2
143 2
144 2
145 2
146 2
147 2
148 2
149 2
150 2
151 2
152 2
153 2
154 2
155 2
156 2
157 2
158 2
159 2
160 2
161 2
162 2
163 2
164 2
165 2
166 2
167 2
168 2
169 2
170 2
171 2
172 2
173 2
174 2
175 2
176 2
177 2
178 2
179 2
180 2
181 2
182 2
183 2
184 2
185 2
186 2
187 2
188 2
189 2
190 2
191 2
192 2
193 2
194 2
195 2
196 2
197 2
198 2
199 2
200 2
201 2
202 2
203 2
204 2
205 2
206 2
207 2
208 2
209 2
210 2
211 2
212 2
213 2
214 2
215 2
216 2
217 2
218 2
219 2
220 2
221 2
222 2
223 2
224 2
225 2
226 2
227 2
228 2
229 2
230 2
231 2
232 2
233 2
234 2
235 2
236 2
237 2
238 2
239 2
240 2
241 2
242 2
243 2
244 2
245 2
246 2
247 2
248 2
249 2
250 2
251 2
252 2
253 2
254 2
255 2
256 2
257 2
258 2
259 2
260 2
261 2
262 2
263 2
264 2
265 2
266 2
267 2
268 2
269 2
270 2
271 2
272 2
273 2
274 2
275 2
276 2
277 2
278 2
279 2
280 2
281 2
282 2
283 2
284 2
285 2
286 2
287 2
288 2
289 2
290 2
291 2
292 2
293 2
294 2
295 2
296 2
297 2
298 2
299 2
300 2
301 2
302 2
303 2
304 2
305 2
306 2
307 2
308 2
309 2
310 2
311 2
312 2
313 2
314 2
315 2
316 2
317 2
318 2
319 2
320 2
321 2
322 2
323 2
324 2
325 2
326 2
327 2
328 2
329 2
330 2
331 2
332 2
333 2
334 2
335 2
336 2
337 2
338 2
339 2
340 2
341 2
342 2
343 2
344 2
345 2
346 2
347 2
348 2
349 2
350 2
351 2
352 2
353 2
354 2
355 2
356 2
357 2
358 2
359 2
360 3
361 3
362 3
363 3
364 3
365 3
366 3
367 3
368 3
369 3
370 3
371 3
372 3
373 3
374 3
375 3
376 3
377 3
378 3
379 3
380 3
381 3
382 3
383 3
384 3
385 3
386 3
387 3
388 3
389 3
390 3
391 3
392 3
393 3
394 3
395 3
396 3
397 3
398 3
399 3
400 3
401 3
402 3
403 3
404 3
405 3
406 3
407 3
408 3
409 3
410 3
411 3
412 3
413 3
414 3
415 3
416 3
417 3
418 3
419 3
420 3
421 3
422 3
423 3
424 3
425 3
426 3
427 3
428 3
429 3
430 3
431 3
432 3
433 3
434 3
435 3
436 3
437 3
438 3
439 3
440 3
441 3
442 3
443 3
444 3
445 3
446 3
447 3
448 3
449 3
450 3
451 3
452 3
453 3
454 3
455 3
456 3
457 3
458 3
459 3
460 3
461 3
462 3
463 3
464 3
465 3
466 3
467 3
468 3
469 3
470 3
471 3
472 3
473 3
474 3
475 3
476 3
477 3
478 3
479 3
480 3
481 3
482 3
483 3
484 3
485 3
486 3
487 3
488 3
489 3
490 3
491 3
492 3
493 3
494 3
495 3
496 3
497 3
498 3
499 3
500 3
501 3
502 3
503 3
504 3
505 3
506 3
507 3
508 3
509 3
510 3
511 3
512 3
513 3
514 3
515 3
516 3
517 3
518 3
519 3
520 3
521 3
522 3
523 3
524 3
525 3
526 3
527 3
528 3
529 3
530 3
531 3
532 3
533 3
534 3
535 3
536 3
537 3
538 3
539 3
540 3
541 3
542 3
543 3
544 3
545 3
546 3
547 3
548 3
549 3
550 3
551 3
552 3
553 3
554 3
555 3
556 3
557 3
558 3
559 3
560 3
561 3
562 3
563 3
564 3
565 3
566 3
567 3
568 3
569 3
570 3
571 3
572 3
573 3
574 3
575 3
576 3
577 3
578 3
579 3
580 3
581 3
582 3
583 3
584 3
585 3
586 3
587 3
588 3
589 3
590 3
591 3
592 3
593 3
594 3
595 3
596 3
597 3
598 3
599 3
600 3
601 3
602 3
603 3
604 3
605 3
606 3
607 3
608 3
609 3
610 3
611 3
612 3
613 3
614 3
615 3
616 3
617 3
618 3
619 3
620 3
621 3
622 3
623 3
624 3
625 3
626 3
627 3
628 3
629 3
630 3
631 3
632 3
633 3
634 3
635 3
636 3
637 3
638 3
639 3
640 3
641 3
642 3
643 3
644 3
645 3
646 3
647 3
648 3
649 3
650 3
651 3
652 3
653 3
654 3
655 3
656 3
657 3
658 3
659 3
660 3
661 3
662 3
663 3
664 3
665 3
666 3
667 3
668 3
669 3
670 3
671 3
672 3
673 3
674 3
675 3
676 3
677 3
678 3
679 3
680 3
681 3
682 3
683 3
684 3
685 3
686 3
687 3
688 3
689 3
690 3
691 3
692 3
693 3
694 3
695 3
696 3
697 3
698 3
699 3
700 3
701 3
702 3
703 3
704 3
705 3
706 3
707 3
708 3
709 3
710 3
711 3
712 3
713 3
714 3
715 3
716 3
717 3
718 3
719 3
720 3
721 3
722 3
723 3
724 3
725 3
726 3
727 3
728 3
729 3
730 3
731 3
732 3
733 3
734 3
735 3
736 3
737 3
738 3
739 3
740 3
741 3
742 3
743 3
744 3
745 3
746 3
747 3
748 3
749 3
750 3
751 3
752 3
753 3
754 3
755 3
756 3
757 3
758 3
759 3
760 3
761 3
762 3
763 3
764 3
765 3
766 3
767 3
768 3
769 3
770 3
771 3
772 3
773 3
774 3
775 3
776 3
777 3
778 3
779 3
780 3
781 3
782 3
783 3
784 3
785 3
786 3
787 3
788 3
789 3
790 3
791 3
792 3
793 3
794 3
795 3
796 3
797 3
798 3
799 3
800 3
801 3
802 3
803 3
804 3
805 3
806 3
807 3
808 3
809 3
810 3
811 3
812 3
813 3
814 3
815 3
816 3
817 3
818 3
819 3
820 3
821 3
822 3
823 3
824 3
825 3
826 3
827 3
828 3
829 3
830 3
831 3
832 3
833 3
834 3
835 3
836 4
837 4
838 4
839 4
840 4
841 4
842 4
843 4
844 4
845 4
846 4
847 4
848 4
849 4
850 4
851 4
852 4
853 4
854 4
855 4
856 5
857 5
858 5
859 5
860 5
861 5
862 5
863 5
864 5
865 5
866 5
867 5
868 5
869 5
870 5
871 5
872 5
873 5
874 5
875 5
876 5
877 5
878 5
879 5
880 5
881 5
882 5
883 5
884 5
885 5
886 5
887 5
888 5
889 5
890 5
891 5
892 5
893 5
894 5
895 5
896 5
897 5
898 5
899 5
900 5
901 5
902 5
903 5
904 5
905 5
906 5
907 5
908 5
909 5
910 5
911 6
912 6
913 6
914 6
915 6
916 6
917 6
918 6
919 6
920 6
921 6
922 6
923 6
924 6
925 6
926 6
927 6
928 6
929 6
930 6
931 6
932 6
933 6
934 6
935 6
936 6
937 6
938 6
939 6
940 6
941 6
942 6
943 6
944 6
945 6
946 6
947 7
948 7
949 7
950 7
951 7
952 7
953 7
954 7
955 7
956 7
957 7
958 7
959 7
960 7
961 7
962 7
963 7
964 7
965 7
966 7
967 7
968 7
969 7
970 7
971 7
972 7
973 7
974 7
975 7
976 7
977 7
978 7
979 7
980 7
981 7
982 7
983 7
984 7
985 7
986 7
987 7
988 7
989 7
990 7
991 7
992 7
993 7
994 7
995 7
996 7
997 7
998 7
999 7
1000 7
1001 7
1002 7
1003 7
1004 7
1005 7
1006 7
1007 7
1008 7
1009 7
1010 7
1011 7
1012 7
1013 7
1014 7
1015 8
1016 8
1017 8
1018 8
1019 8
1020 8
1021 8
1022 8
1023 8
1024 8
1025 8
1026 8
1027 8
1028 8
1029 8
1030 8
1031 8
1032 8
1033 8
1034 8
1035 8
1036 8
1037 8
1038 8
1039 8
1040 8
1041 8
1042 8
1043 8
1044 8
1045 8
1046 8
1047 8
1048 8
1049 8
1050 8
1051 8
1052 8
1053 8
1054 8
1055 8
1056 8
1057 8
1058 8
1059 8
1060 8
1061 8
1062 8
1063 8
1064 8
1065 8
1066 8
1067 8
1068 8
1069 8
1070 8
1071 8
1072 8
1073 8
1074 8
1075 8
1076 8
1077 8
1078 8
