1 1
2 1
3 1
4 1
5 1
6 1
7 1
8 1
9 1
10 1
11 1
12 1
13 1
14 1
15 1
16 1
17 1
18 1
19 1
20 1
21 1
22 1
23 1
24 1
25 1
26 1
27 1
28 1
29 1
30 1
31 1
32 1
33 1
34 1
35 1
36 1
37 1
38 1
39 1
40 1
41 1
42 1
43 1
44 1
45 1
46 1
47 1
48 1
49 1
50 1
51 1
52 1
53 1
54 1
55 1
56 1
57 1
58 1
59 1
60 1
61 1
62 1
63 1
64 1
65 1
66 1
67 1
68 1
69 1
70 1
71 1
72 1
73 1
74 1
75 1
76 1
77 1
78 1
79 1
80 1
81 1
82 1
83 1
84 1
85 1
86 1
87 1
88 1
89 1
90 1
91 1
92 1
93 1
94 1
95 1
96 1
97 1
98 1
99 1
100 1
101 1
102 1
103 1
104 1
105 1
106 1
107 1
108 1
109 1
110 1
111 1
112 1
113 1
114 1
115 1
116 1
117 1
118 1
119 1
120 1
121 1
122 1
123 1
124 1
125 1
126 1
127 1
128 1
129 1
130 1
131 1
132 1
133 1
134 1
135 1
136 1
137 1
138 1
139 1
140 1
141 1
142 1
143 1
144 1
145 1
146 1
147 1
148 1
149 1
150 1
151 1
152 1
153 1
154 1
155 1
156 1
157 1
158 1
159 1
160 1
161 1
162 1
163 1
164 1
165 1
166 1
167 1
168 1
169 1
170 1
171 1
172 1
173 1
174 1
175 1
176 1
177 1
178 1
179 1
180 1
181 1
182 1
183 1
184 1
185 1
186 1
187 1
188 1
189 1
190 1
191 1
192 1
193 1
194 1
195 1
196 1
197 1
198 1
199 1
200 1
201 1
202 1
203 1
204 1
205 1
206 1
207 1
208 1
209 1
210 1
211 1
212 1
213 1
214 1
215 1
216 1
217 1
218 1
219 1
220 1
221 2
222 2
223 2
224 2
225 2
226 2
227 2
228 2
229 2
230 2
231 2
232 2
233 2
234 2
235 2
236 2
237 2
238 2
239 2
240 2
241 2
242 2
243 2
244 2
245 2
246 2
247 2
248 2
249 2
250 2
251 2
252 2
253 2
254 2
255 2
256 2
257 2
258 2
259 2
260 2
261 2
262 2
263 2
264 2
265 2
266 2
267 2
268 2
269 2
270 2
271 2
272 2
273 2
274 2
275 2
276 2
277 2
278 2
279 2
280 2
281 2
282 2
283 2
284 2
285 2
286 2
287 2
288 2
289 2
290 2
291 2
292 2
293 2
294 2
295 2
296 2
297 2
298 2
299 2
300 2
301 2
302 2
303 3
304 3
305 3
306 3
307 3
308 3
309 3
310 3
311 3
312 3
313 3
314 3
315 3
316 3
317 3
318 3
319 3
320 3
321 3
322 3
323 3
324 3
325 3
326 3
327 3
328 3
329 3
330 3
331 3
332 3
333 3
334 3
335 3
336 3
337 4
338 4
339 4
340 4
341 4
342 4
343 4
344 4
345 4
346 4
347 4
348 4
349 4
350 4
351 4
352 4
353 4
354 4
355 4
356 4
357 4
358 4
359 4
360 4
361 4
362 4
363 4
364 4
365 4
366 4
367 4
368 4
369 4
370 4
371 4
372 4
373 4
374 4
375 4
376 4
377 4
378 4
379 4
380 4
381 4
382 4
383 4
384 4
385 4
386 4
387 4
388 4
389 4
390 4
391 4
392 4
393 4
394 4
395 4
396 4
397 4
398 4
399 4
400 4
401 4
402 4
403 4
404 4
405 4
406 4
407 4
408 4
409 4
410 4
411 4
412 4
413 4
414 4
415 4
416 4
417 4
418 4
419 4
420 4
421 4
422 4
423 4
424 4
425 4
426 4
427 4
428 4
429 4
430 4
431 4
432 4
433 4
434 4
435 4
436 4
437 4
438 4
439 4
440 4
441 4
442 4
443 4
444 4
445 4
446 4
447 4
448 4
449 4
450 4
451 4
452 4
453 4
454 4
455 4
456 4
457 4
458 4
459 4
460 4
461 4
462 4
463 4
464 4
465 4
466 4
467 4
468 4
469 4
470 4
471 4
472 4
473 4
474 4
475 4
476 4
477 4
478 4
479 4
480 4
481 4
482 4
483 4
484 4
485 4
486 4
487 4
488 4
489 4
490 4
491 4
492 4
493 4
494 4
495 4
496 4
497 4
498 4
499 4
500 4
501 4
502 4
503 4
504 4
505 4
506 4
507 4
508 4
509 4
510 4
511 4
512 4
513 4
514 4
515 4
516 4
517 4
518 4
519 4
520 4
521 4
522 4
523 4
524 4
525 5
526 5
527 5
528 5
529 5
530 5
531 5
532 5
533 5
534 5
535 5
536 5
537 5
538 5
539 5
540 5
541 5
542 5
543 5
544 5
545 5
546 5
547 5
548 5
549 5
550 5
551 5
552 5
553 5
554 5
555 5
556 5
557 5
558 5
559 5
560 5
561 5
562 6
563 6
564 6
565 6
566 6
567 6
568 6
569 6
570 6
571 6
572 6
573 6
574 6
575 6
576 6
577 6
578 6
579 6
580 6
581 6
582 6
583 6
584 6
585 6
586 6
587 6
588 6
589 6
590 6
591 6
592 6
593 6
594 6
595 6
596 6
597 6
598 6
599 6
600 6
601 6
602 6
603 6
604 6
605 6
606 6
607 6
608 6
609 6
610 6
611 6
612 6
613 6
614 6
615 6
616 6
617 6
618 6
619 6
620 6
621 6
622 6
623 6
624 6
625 6
626 6
627 6
628 6
629 6
630 6
631 6
632 6
633 6
634 6
635 6
636 6
637 6
638 6
639 6
640 6
641 6
642 6
643 6
644 6
645 6
646 6
647 6
648 6
649 6
650 6
651 6
652 6
653 6
654 6
655 6
656 6
657 6
658 6
659 6
660 6
661 6
662 6
663 6
664 6
665 6
666 6
667 6
668 6
669 6
670 6
671 6
672 6
673 6
674 6
675 6
676 6
677 6
678 6
679 6
680 6
681 6
682 6
683 6
684 6
685 6
686 6
687 6
688 6
689 6
690 6
691 6
692 6
693 6
694 6
695 6
696 6
697 6
698 6
699 6
700 6
701 6
702 6
703 6
704 6
705 6
706 6
707 6
708 6
709 6
710 7
711 7
712 7
713 7
714 7
715 7
716 7
717 7
718 7
719 7
720 7
721 7
722 7
723 7
724 7
725 7
726 7
727 7
728 7
729 7
730 7
731 7
732 7
733 7
734 7
735 7
736 7
737 7
738 7
739 7
740 7
741 7
742 7
743 7
744 7
745 7
746 7
747 7
748 7
749 7
750 7
751 7
752 7
753 7
754 7
755 7
756 7
757 7
758 7
759 7
760 7
761 7
762 7
763 7
764 7
765 7
766 7
767 7
768 7
769 7
770 7
771 7
772 7
773 7
774 7
775 7
776 7
777 7
778 7
779 7
780 7
781 7
782 7
783 7
784 7
785 7
786 7
787 7
788 7
789 7
790 7
791 7
792 7
793 7
794 7
795 7
796 7
797 7
798 7
799 7
800 7
801 7
802 7
803 7
804 7
805 7
806 7
807 7
808 7
809 7
810 7
811 7
812 7
813 7
814 7
815 7
816 7
817 7
818 7
819 7
820 7
821 7
822 7
823 7
824 7
825 7
826 7
827 7
828 7
829 7
830 7
831 7
832 7
833 7
834 7
835 7
836 7
837 7
838 7
839 7
840 7
841 7
842 7
843 7
844 7
845 7
846 7
847 7
848 7
849 7
850 7
851 7
852 7
853 7
854 7
855 7
856 7
857 7
858 7
859 7
860 7
861 7
862 7
863 7
864 7
865 7
866 7
867 7
868 7
869 7
870 7
871 7
872 7
873 7
874 7
875 7
876 7
877 7
878 7
879 7
880 7
881 7
882 7
883 7
884 7
885 7
886 7
887 7
888 7
889 7
890 7
891 7
892 7
893 7
894 7
895 7
896 7
897 7
898 7
899 7
900 7
901 7
902 7
903 7
904 7
905 7
906 7
907 7
908 7
909 7
910 7
911 7
912 7
913 7
914 7
915 7
916 7
917 7
918 7
919 7
920 7
921 7
922 7
923 7
924 7
925 7
926 7
927 7
928 7
929 7
930 7
931 7
932 7
933 7
934 7
935 7
936 7
937 7
938 7
939 7
940 7
941 7
942 7
943 7
944 7
945 7
946 7
947 7
948 7
949 7
950 7
951 8
952 8
953 8
954 8
955 8
956 8
957 8
958 8
959 8
960 8
961 8
962 8
963 8
964 8
965 8
966 8
967 8
968 8
969 8
970 8
971 8
972 8
973 8
974 8
975 8
976 8
977 8
978 8
979 8
980 8
981 8
982 8
983 8
984 8
985 8
986 8
987 8
988 8
989 8
990 8
991 8
992 8
993 8
994 8
995 8
996 8
997 8
998 8
999 8
1000 8
1001 8
1002 8
1003 8
1004 8
1005 8
1006 8
1007 8
1008 8
1009 8
1010 8
1011 8
1012 8
1013 8
1014 8
1015 8
1016 8
1017 8
1018 8
1019 8
1020 8
1021 8
1022 8
1023 8
1024 8
1025 8
1026 8
1027 8
1028 8
1029 8
1030 8
1031 8
1032 8
1033 8
1034 8
1035 8
1036 8
1037 8
1038 8
1039 8
1040 8
1041 8
1042 8
1043 8
1044 8
1045 8
1046 8
1047 8
1048 8
1049 8
1050 8
1051 8
1052 8
1053 8
1054 8
1055 8
1056 8
